2 0.7233792230302983 0.4807832764062289 0.5532415539394033 0.6970370710745628
1 0.9028156707528912 0.5869125801287407 0.19436865849421778 0.09287518689433423
1 0.9023367076829587 0.6421463833470494 0.19532658463408267 0.10556085719292199
1 0.9075634622563508 0.6960308540139544 0.18250576929603177 0.07026821337743776
1 0.8268551460698854 0.5334108856928379 0.17578217261537965 0.06358117080279087
1 0.7670657489743148 0.523790231233692 0.05357528589277152 0.030168101240837332
1 0.7696104085174399 0.5060946328428463 0.06162458423309758 0.03383940445914604
1 0.8071929188904022 0.4892948989343897 0.15343357593472753 0.05580152179152655
1 0.7741534307132569 0.37119510895763275 0.19067346680652086 0.07550201659574647
1 0.8365834983496148 0.436175252773117 0.12346265601864026 0.09100704827463009
1 0.7316825107971695 0.4055265502914425 0.045525987552445454 0.026496798022528623
1 0.7298948678507837 0.3921906699696116 0.045525987552445454 0.026496798022528623
1 0.7034372663962468 0.2994186619238399 0.04576278589277152 0.029621798022528623