2 0.29296875 0.5445555405592477 0.5328125 0.6591441764304186
1 0.171875 0.41335800046142535 0.2 0.08625408235511305
1 0.17578125 0.36048332433554864 0.225 0.09879365514950234
1 0.2109375 0.3174237392026583 0.16875 0.06550149136212671
1 0.23828125 0.48089475632152145 0.1640625 0.06051360271317865
1 0.2921875 0.502317975784423 0.0484375 0.028104016039128866
1 0.28359375 0.5173922632613518 0.05625 0.03172966378737563
1 0.24296875 0.5249451449704694 0.1421875 0.052861789018088245
1 0.2390625 0.6364135710963461 0.178125 0.06922726866002264
1 0.2 0.5651603323551131 0.1109375 0.0867966980251019
1 0.2890625 0.6161802166851243 0.0421875 0.02457849784053181
1 0.28671875 0.6285300223606505 0.0421875 0.02457849784053163
1 0.284375 0.7166610780361765 0.0421875 0.02926599784053181