2 0.43075522435187563 0.6882334294296403 0.6532445541396534 0.5869843639013113
1 0.531121513105209 0.8314592695226126 0.07823802203583341 0.21138525025210164
1 0.5852096010611119 0.8355022773162828 0.08823127108590292 0.23860331411407182
1 0.6385521533978131 0.8075140351099529 0.05719817021222227 0.17871486188449914
1 0.48001164836382004 0.7536509797979573 0.05236519984750014 0.1721370799535137
1 0.4723978636945493 0.6954942723726043 0.026163762917777687 0.05174817029858776
1 0.4553194664680909 0.7013836394528833 0.031033100873680653 0.05988845222957302
1 0.43747865624760485 0.7417572671768241 0.04716855357097245 0.1499342980225286
1 0.32212575997107706 0.7279129244859617 0.06363000816812522 0.18696440445914603
1 0.38435430945798676 0.7791205093831539 0.08234233415618064 0.11963479282674853
1 0.3570085998268409 0.6800874296817417 0.024455792553055567 0.045388909654926125
1 0.3444904160312506 0.6801802648310357 0.02285692496187508 0.04371714901126431
1 0.2534471887326742 0.6685486321634162 0.02754442496187508 0.04404493094224939