2 0.3221171639481387 0.3839311350476401 0.5827816107574504 0.6720952521412993
1 0.16483082793604842 0.4720845991396783 0.21035679201145402 0.08559310811666876
1 0.15247573126195782 0.5267039214465812 0.23860906134627213 0.09669423458010193
1 0.17370529392109454 0.5822999364736958 0.17574543467536324 0.06508062021691714
1 0.24971490527532084 0.42882547852997777 0.1725477093411815 0.0588124394987581
1 0.3083631992759572 0.4244788669954634 0.05188976400381797 0.02842498184962743
1 0.3054381939449571 0.40727318627730413 0.05973862667090888 0.03159543364502539
1 0.2674114826145933 0.38517547247985345 0.15058180267345422 0.05087267447164336
1 0.29686371996341077 0.2712765989432866 0.18673747867599957 0.06983175273047451
1 0.2368069199554566 0.32952491529826117 0.11974997334499946 0.08662836729005097
1 0.3401591866247746 0.3105936289975159 0.045603401336727065 0.025263620413308985
1 0.3418762279599109 0.29732146935659554 0.045603401336727065 0.025263620413308985
1 0.365577904638774 0.20760952956325 0.04407726400381797 0.028379530054229284