2 0.5318907622829276 0.7346133489738195 0.7015252796946763 0.5307733020523611
1 0.4403213917129613 0.913630661378507 0.09651153855474384 0.17273867724298597
1 0.3856657252110585 0.9121584271460765 0.10595020555093822 0.17568314570784693
1 0.3307553907243782 0.9171543984607293 0.07737953657757739 0.16569120307854135
1 0.48621882353790336 0.8488291578631255 0.069503369581383 0.17332970364722228
1 0.49023250289138753 0.788709275454306 0.03178851087441501 0.05225348423243048
1 0.5072608354009015 0.7930155689572922 0.0367943458553869 0.060175087005972294
1 0.529170327492236 0.8310610828250005 0.062362031634661544 0.15130923328249998
1 0.643756750914221 0.8016664831855909 0.0825763725471326 0.1876831443766669
1 0.5858049880626398 0.8613129336986811 0.09552735870696819 0.12242182028847245
1 0.6056320098114696 0.7585516096104866 0.02840884288963732 0.04593074905006951
1 0.6190087603057612 0.7565169841355214 0.0284088428896375 0.04593074905006951
1 0.7083405157429687 0.7327905030372228 0.03147017589344294 0.04444098423243048