2 0.28836954889200805 0.444081012871831 0.5529698196086766 0.6701862994917723
1 0.14962163446881624 0.559646557737216 0.21132995658477532 0.07938220506402782
1 0.14954742663039972 0.6159875629988878 0.23972774122451135 0.09039529977412109
1 0.18246757521847395 0.6679896787556686 0.1780173514119258 0.060283594568918984
1 0.2249004307870348 0.5006425550357929 0.1731479949854351 0.05376057878390341
1 0.28399428595988435 0.48686775234848734 0.05224446159934022 0.026440673635170952
1 0.27587790907942245 0.46996097340929205 0.060193353919208284 0.03158319994353036
1 0.23405412193240394 0.4550038313441521 0.15269910266556702 0.047890010382169376
1 0.2390718940357277 0.336344836605824 0.18904577962517113 0.06404563140062187
1 0.19171350923770705 0.4040181840173404 0.1163811694377567 0.08633088410204497
1 0.2906200221698308 0.36673726287183095 0.045948997492717504 0.02451415258848364
1 0.28863998502281224 0.3541007549793232 0.0443864974927175 0.024423147326811723
1 0.2937343134734844 0.259706012871831 0.042914925705962934 0.027457142065139984