2 0.2646642420824412 0.4890796854689337 0.5293284841648824 0.6311207297041653
1 0.13153321252377706 0.6104171229697575 0.200574313011266 0.0769012394466932
1 0.1346976649519172 0.6628426935866084 0.22584709765100208 0.08671261606989873
1 0.16775420585985948 0.7087552114435159 0.16882420783841656 0.05916826866768634
1 0.19899950884199563 0.5482813616056716 0.16395485141192578 0.05283644805083547
1 0.25347406017477914 0.5296910486994585 0.04916492570596294 0.025845479707460584
1 0.24531221918769458 0.5146972942352316 0.05550585391920819 0.02907957386326192
1 0.2049600038274307 0.5046131822225227 0.14341503087881238 0.04466939204448082
1 0.2043044374509524 0.3928262483751469 0.17668217194503918 0.060867136362438144
1 0.1632415167595544 0.4608944099013884 0.11321070533113406 0.08006142126547414
1 0.2536224758516122 0.4171365016215578 0.0428239974927175 0.022611385551659247
1 0.25164243870459363 0.4045955913131323 0.0428239974927175 0.022611385551659247
1 0.2510634286754638 0.3170410442352316 0.04296038981258556 0.027298885551659158