2 0.3004774328507062 0.48005853919208263 0.4873009536109529 0.5838153396669362
1 0.17049545558811924 0.583961126022532 0.19578734387822055 0.055637549221212446
1 0.17028454996063136 0.636236679862598 0.22110567885919252 0.06417747492717538
1 0.20119631034075472 0.6862965158351175 0.16552684091247105 0.04071123119538154
1 0.24092336072131554 0.5313877069804868 0.16064833992388783 0.03588733887551356
1 0.2958827747517604 0.5205016827655918 0.047639003954332716 0.02011392319868044
1 0.2889961047898165 0.5046948263391011 0.05401633794672147 0.02342077962517113
1 0.24932876832596979 0.48871447367353416 0.14164367193911023 0.029091769596041317
1 0.254183411596168 0.3780497583132702 0.17340300790866542 0.04250105172849494
1 0.20988692494204084 0.4399670851145897 0.10579901384016441 0.06862563103709682
1 0.30223625102576424 0.4083199315119506 0.04132533695813834 0.01836956677218975
1 0.30094566505620907 0.3957971994586393 0.04132533695813834 0.01836956677218966
1 0.3051928132693232 0.3085245199917527 0.03995383794672147 0.02301160266556703