2 0.2994167621715693 0.5704005460652409 0.4644514269442217 0.5938291585174401
1 0.1663257982924214 0.4549862657715469 0.19149775324641088 0.06444469875988901
1 0.16308202150706017 0.40324616701630245 0.2166068474022122 0.07258908548249732
1 0.19036154179959963 0.3569398520792368 0.16153751785690745 0.046570114526791426
1 0.23834684861673291 0.5134984280139646 0.1567681972400564 0.04152741701630234
1 0.2932525369283357 0.5301423989696704 0.04563978246740401 0.022183575934727705
1 0.28727527231783906 0.5452938022890182 0.053506829545304765 0.025900571785542857
1 0.24923948416839212 0.5564555226200242 0.13793637662320543 0.03541912697434615
1 0.25974238189491594 0.6664817180559208 0.1694045649348082 0.05028711037760658
1 0.21333894033690232 0.6005481421211931 0.10270798863591431 0.07332094606059662
1 0.30533157142433465 0.64106824357573 0.03936250892845372 0.020147479254075583
1 0.3047548729664622 0.6527277939906485 0.03933523538950343 0.018584979254075585
1 0.3140674176087309 0.7392572898414637 0.037881829545304765 0.024716580083912552