2 0.2887564103282914 0.43509163995708644 0.5239122821955287 0.6551337943393577
1 0.14288485324489494 0.5413466298176278 0.2003999757995032 0.08273536238870208
1 0.13554453103618794 0.5949633027141056 0.2270170179539809 0.09396779333095147
1 0.16024000400702076 0.6455588824155178 0.17060339149054776 0.061909410159129055
1 0.22129165437636308 0.48744609763454105 0.1643261204133089 0.05678486758448216
1 0.2783683561717612 0.47564558414088776 0.048573855386194256 0.026824579953513707
1 0.27377630494209715 0.45956711607187284 0.056404536104353475 0.030495883171822412
1 0.23559959407151276 0.44427525184158545 0.14397725897699046 0.049114479216879656
1 0.25578534992524526 0.3304094937958137 0.17844316256778664 0.06714321337743775
1 0.20231037110067995 0.39428060568031265 0.1113920179539809 0.0858825056999832
1 0.30012115720503346 0.36088931545145425 0.04231476502711464 0.02482503737886681
1 0.3009751300776704 0.34833468512962346 0.04230567466803503 0.02326253737886681
1 0.31710919018612904 0.25974207869300603 0.04233294574527395 0.02795003737886681