2 0.5560908122172564 0.7293265031020931 0.6423070541396532 0.5413469937958137
1 0.4698415748506937 0.8936282117879539 0.08426981648875013 0.20244729282674853
1 0.4180426855080201 0.8930637161013786 0.09422669794763916 0.21387256779724276
1 0.3661898979889576 0.8754248789844485 0.063229964665139 0.16977690445914603
1 0.5131025720009021 0.81683611884499 0.058433361891597355 0.16476162252816096
1 0.5175186214878119 0.7615858901323134 0.027726262917777866 0.05185743094224957
1 0.5338521363054507 0.7658581268907616 0.030996733282499987 0.05832595222957302
1 0.554109431708298 0.803270645580195 0.05011171561506948 0.14234031930985225
1 0.6617589307583674 0.7841924996710239 0.06813567021222226 0.17947968639013112
1 0.6057621974758673 0.836618377142863 0.08386846656500016 0.11818155347041
1 0.6267851719246522 0.740273254866804 0.02441942496187508 0.043826409654926124
1 0.6385221057202425 0.740311459694267 0.022820557370694418 0.04215464901126431
1 0.72338806820118 0.7251177844520006 0.029070557370694416 0.04259169158591121