2 0.5247659256307224 0.69782514640429 0.6950798836785219 0.5902314334128835
1 0.6628336149803218 0.8222172167109509 0.09041071032569974 0.2145762303552928
1 0.7188105991953063 0.8149098308551401 0.10307731029746474 0.24477315260503402
1 0.7643282255460179 0.7759714553384114 0.06818709983059072 0.18081766046291675
1 0.5915508782050886 0.7550340248165028 0.06166408404557515 0.17583906203449332
1 0.5679166861540661 0.6989488447088791 0.02956567363517095 0.0527996683207995
1 0.5528377177240972 0.7090515907799375 0.0332367052052021 0.06232021753501123
1 0.545184112420073 0.7524933757261256 0.055702510382169376 0.15374573821317572
1 0.4266616255742527 0.7619304958661708 0.07342063140062187 0.19041098428423417
1 0.5017295150085567 0.7999527266357485 0.09120039462538862 0.12111732878371625
1 0.4477861966774098 0.70767748945603 0.02607665258848364 0.046404119106587774
1 0.43546820720075347 0.7113846863128769 0.0259856473268119 0.04484161910658777
1 0.3410734650932613 0.7181313000427811 0.02911064732681181 0.0449871683207995