2 0.29087307179309674 0.5851810095338289 0.5817461435861935 0.6668998787554241
1 0.1269435178940555 0.5248486886599218 0.1999580320782579 0.10364089908902621
1 0.11442253393318444 0.47695682568323045 0.22575906847545246 0.11701391832631991
1 0.13345193862126137 0.42328618865992185 0.16730621838316742 0.08067462504240908
1 0.20614086212624438 0.5540426261387174 0.15899307063492082 0.07258930653075471
1 0.2609785564507184 0.5497891465571374 0.048777461443337077 0.03132441106992552
1 0.25758344617940054 0.5662772421106337 0.05845285009228505 0.036339293283910834
1 0.2240502529346607 0.5908332980084162 0.13974242288667424 0.06412204210278442
1 0.2542605822074548 0.6911135510036411 0.17541910703211538 0.08563494355406327
1 0.19793953347175913 0.6455307216922137 0.11810725478036196 0.09142858656782167
1 0.29348257094868785 0.6507688039988659 0.04388970234403846 0.028035719962933213
1 0.2942440345514933 0.6632142402965352 0.04222707279438911 0.026418656260602268
1 0.31809374229420256 0.7411110618034144 0.04419009099298643 0.03272321996293322