2 0.7193883924768057 0.5468297393730088 0.5612232150463885 0.6859750373120999
1 0.8827495629733685 0.4551291610151633 0.2066877175149308 0.09666471732199752
1 0.8882488016711113 0.40217125735169024 0.22350239665777744 0.1089942989592032
1 0.8716464491819099 0.34776704036837697 0.17336607123840295 0.07307008706427265
1 0.8009189879352435 0.5016566802370402 0.16700696846486096 0.0680550384437538
1 0.7423797893220143 0.5070711985544059 0.05061824905006951 0.02918288896415202
1 0.7474673328250006 0.5240130370890166 0.06010235182361114 0.034361711894930556
1 0.7846952291015283 0.5439636889434675 0.14807513050895835 0.05925989258219673
1 0.7575898280753478 0.6564570448909327 0.1828501740119446 0.07824890999505119
1 0.8148561609972574 0.5963550265735671 0.11918771751493082 0.09207903663473135
1 0.7144931382958338 0.6196054980794361 0.04433188145888885 0.027292840343632996
1 0.7140028290252783 0.632146441657001 0.04429551386770836 0.025730340343633175
1 0.6918206641313895 0.7209156925615121 0.04440461664124999 0.030417840343632995