2 0.3196549494494201 0.5922240031003719 0.5781191678088018 0.6689300140586265
1 0.18107902588483624 0.4603296861034799 0.2134702367752332 0.08006429735218497
1 0.1801920890954856 0.40497009801413864 0.24066977360693617 0.09223896567298447
1 0.21170042335282235 0.35735238937046754 0.18121917889684286 0.0614213052100677
1 0.256730744244218 0.5285210680303493 0.17295165258848363 0.05324493217453856
1 0.3147630521226083 0.5483648411897131 0.05301858418674961 0.02740156203449331
1 0.3071248573701627 0.5643708308506309 0.059450594710093264 0.030817660462916764
1 0.2655743942018657 0.5733434164587727 0.15236613680346806 0.04761136228216234
1 0.2717095440889262 0.6920570291552198 0.18921368942018651 0.06491017824559701
1 0.22381880468285703 0.6189255901562558 0.1202662683452643 0.08507282092583353
1 0.3225517072713407 0.668713728493266 0.04502407366340586 0.023912688998963993
1 0.3209359993647155 0.6811045665826072 0.04502407366340586 0.023912688998963993
1 0.3271320624341905 0.7741097038861602 0.04364358418674961 0.02696491439185813