2 0.5 0.5 1 1
1 0.49835322511213215 0.528419732733906 0.01418067466803503 0.020476132001908988
1 0.5164992371141847 0.5590975680696786 0.03330337939029935 0.08475680800445425
1 0.46194809250037894 0.5818987213955881 0.042851096212812044 0.11455339600572696
1 0.4601128817279904 0.5350055400620427 0.018922716822512696 0.029905676002545435
1 0.47261742690753017 0.5359322407304061 0.011037493949875809 0.01731476933481808
1 0.4780634510098312 0.5320896253978151 0.014198855386194253 0.023601132001909164
1 0.6217957911725189 0.6650032174172235 0.1943419151018695 0.3725488040260897
1 0.7245566559284873 0.46933727609799547 0.03779998184962743 0.05199885200509069
1 0.9162583425985747 0.5223457394573124 0.09364195745273882 0.25107269867918125
1 0.9597209545258725 0.5267792481301303 0.08055809094825506 0.25721361067790854