2 0.5 0.5 1 1
1 0.5023640142415478 0.5580581028947085 0.01418067466803503 0.02080357332097762
1 0.5127338876799188 0.595131516959859 0.022393150467538092 0.08982639183263182
1 0.4495026346548567 0.6015154370154594 0.030387457649130666 0.12134921034428636
1 0.4609395835233885 0.5534871647829408 0.01581589754067192 0.033358137023308566
1 0.47502935460062734 0.5586657381039185 0.011037493949875809 0.017569445916316085
1 0.4812611738824681 0.5557589929132419 0.011073855386194254 0.023819445916316084
1 0.5908775892789251 0.7353324202252363 0.16003963797450638 0.3883234339354164
1 0.7539492401392468 0.5707491089699762 0.03467498184962743 0.05276290145127884
1 0.9350452249157403 0.6848637165891901 0.06560786104353511 0.267862111795565
1 0.9757959273003138 0.7082119365521231 0.04840814539937242 0.2658085384745874