2 0.5 0.5 1 1
1 0.4710241849206335 0.546322989850435 0.021113536397194644 0.0128545560063543
1 0.5075123974437048 0.5383565312462928 0.09066457279438911 0.026554591720169364
1 0.510538465457732 0.6009792621715693 0.12251535009228505 0.036475062499176224
1 0.46373331662975115 0.5868661692335839 0.033913925046142525 0.01776024431795715
1 0.4684906678017704 0.5736531030809597 0.01945090684754529 0.01126478246740419
1 0.46732868600036764 0.5673758295420095 0.025801036397194464 0.012936376623205348
1 0.6519120419527489 0.4697037629823482 0.3935263618124772 0.17386951704283327
1 0.49861346854005095 0.2988712913925625 0.0554279796419344 0.03686480032431154
1 0.6231092281007748 0.12584862296646218 0.26700582973421944 0.07489445454365713
1 0.652064345311923 0.06456624958966761 0.27193316162790726 0.1030740016215578