2 0.5 0.5 1 1
1 0.5130213456164648 0.4527037839331845 0.019551036397194466 0.013701554595791875
1 0.4784658729143608 0.46433169880029423 0.08733931369509058 0.027382125230712616
1 0.466798385252862 0.4046760965485408 0.11742733189368781 0.03553458667404961
1 0.5135930421004072 0.4126597748338858 0.03215116594684382 0.016065090992986343
1 0.5105378932724264 0.42619134870800907 0.016225777297895937 0.01037629549649317
1 0.5132821614710237 0.43229115438353516 0.02257590684754529 0.012339313695090582
1 0.35119077652270353 0.5470113957456618 0.37679993676633483 0.1735304441675904
1 0.5252662314876357 0.692747793032483 0.0505402205426357 0.03591651603912886
1 0.4324743614987104 0.8728439080841628 0.2570300524363235 0.07715848704319014
1 0.4151855343853845 0.9335706570044288 0.2617571252307126 0.10235874614248885