2 0.5 0.5 1 1
1 0.4630477320124319 0.5335093441525061 0.019259422249741042 0.01126478246740419
1 0.4292549288692788 0.5204093262955987 0.08524829528527036 0.020222771103318493
1 0.4124269937992562 0.5795388644450455 0.11678939371369382 0.027018241882325177
1 0.4604107295312326 0.5733394573830308 0.030342471463952768 0.014580697240056395
1 0.4586855636916323 0.5600172970746053 0.015988873035529316 0.008085235389503431
1 0.46132041212005576 0.5538082073830309 0.022311647642635178 0.009756829545304768
1 0.30914794417075975 0.4299598299490466 0.3735916654253154 0.14390928165332983
1 0.49687488420318104 0.294061060467286 0.049892992142117086 0.032095479707460586
1 0.4195247878416722 0.1081860158250173 0.2571618366415992 0.05757058684890541
1 0.4067743848223536 0.0461945304355139 0.2583262303552928 0.08257058684890542