2 0.5 0.5 1 1
1 0.4920411008261558 0.5425109092200625 0.013209328130301045 0.020894696856846907
1 0.482246949374877 0.5764856488809802 0.026383939925866073 0.08546661910658777
1 0.5414036945655536 0.5855010839510028 0.03367065027015244 0.11544521753501122
1 0.530458760081983 0.5403876370941559 0.016661710344286186 0.03041524607105863
1 0.5178496326773213 0.5429304402373092 0.009920637023308565 0.01606164764263518
1 0.5116541963796521 0.5410768418088857 0.011755955534962758 0.023946922249740866
1 0.4096402846767543 0.7061324534718755 0.17208834264308948 0.3714855099247975
1 0.2549404049098399 0.542423056243525 0.03455853847458741 0.05152826674922295
1 0.0847419775978454 0.6432663105867512 0.07748019237293693 0.25320208271265765
1 0.038325856901423656 0.6631935128202816 0.07665171380284731 0.25749147642635145