2 0.5 0.5 1 1
1 0.4456276872834609 0.4282467510256852 0.02113154735504672 0.015601689212119397
1 0.4806096320359064 0.4419298201119357 0.0936435841867496 0.03198555103961844
1 0.5030453451336163 0.3772277800699794 0.12847361049510883 0.04240283278320493
1 0.45203658197943675 0.38498200310027764 0.033904563140062294 0.021236382573423463
1 0.4527345319935542 0.3997073539301147 0.019387036831702887 0.012358290041956276
1 0.44846426094686664 0.4062533518555222 0.025637036831702886 0.012831886722608488
1 0.6036460426580721 0.5329431385734862 0.40973756299888786 0.19749768756173403
1 0.39315732173844165 0.6881195811095978 0.05678062101845249 0.04008147095570571
1 0.46340339035193717 0.8842473746760391 0.27909523677523324 0.09115075394869229
1 0.4746902298709458 0.9308380321445717 0.27836719468185844 0.07865075394869195