2 0.5 0.5 1 1
1 0.4975856106507516 0.562473337356597 0.01418067466803503 0.021378092531467274
1 0.5149594630118838 0.5958069782283903 0.02861587939029935 0.08650618506293437
1 0.4588276376799188 0.6118571081025215 0.036601096212812226 0.11678568091374952
1 0.4585549269075303 0.5649821081025215 0.017360216822512698 0.030989890871793335
1 0.4718452672666098 0.5675510010489072 0.011037493949875809 0.018016294191141213
1 0.4772958365484506 0.5648403981444778 0.012636355386194254 0.024384693361304242
1 0.6140378333269968 0.7134223759486609 0.1771362343837101 0.3804482070582587
1 0.7262009691602038 0.5298188157854801 0.03466589149054773 0.052604781743586494
1 0.9156179931643088 0.605082615375206 0.08114195745273918 0.2560383576783142
1 0.9621465177575892 0.6157842396502597 0.07570696448482153 0.26060745850815115