2 0.5 0.5 1 1
1 0.48734547944742274 0.5076933826773213 0.013683068401734033 0.02074900961864685
1 0.47674961369064217 0.542368483040141 0.028351784130279965 0.08519345553496294
1 0.5365418426439547 0.546517780500403 0.03633088410204497 0.11509921034428636
1 0.5258997452324383 0.5016690719702154 0.01735409997176518 0.030233137023308564
1 0.5139534820782587 0.5059845497376967 0.01028505261671846 0.01595238221398514
1 0.5070132373399305 0.5046675863981855 0.012302578925077867 0.023819445916316084
1 0.4010909190793709 0.6767732540915332 0.18057922596954085 0.3696279976377472
1 0.2508164452465557 0.5260887517292805 0.03572466837349921 0.051145837748947896
1 0.07808532956036227 0.6404935360275166 0.08331084186749586 0.2524008029025577
1 0.03538246209993419 0.6668129885672547 0.07076492419986838 0.2563988221398514