2 0.5 0.5 1 1
1 0.47222406017477914 0.5108151987337235 0.013045569279472247 0.019113712852981378
1 0.4845278318823915 0.5440225038274307 0.022767561757624753 0.08496603338609496
1 0.4246981908161647 0.5613751398790926 0.029972307996701097 0.11796038981258547
1 0.4315535960681565 0.5135597655059132 0.01492631802583091 0.030096676959604097
1 0.44476664990822246 0.5155170705996204 0.009829641066226812 0.015897784639735946
1 0.4511303101747791 0.5114289641731297 0.011573997492717503 0.02219324874635884
1 0.5700213995125111 0.6640872997499379 0.15447952916295266 0.37293269780928673
1 0.7112781999873647 0.4773194224737646 0.03422188730530316 0.04939224623907634
1 0.8948061023363625 0.5547216937856655 0.06366064937949716 0.25632420783841636
1 0.9491298894833811 0.5656304500538717 0.07464361348611988 0.2582049565847754