2 0.5 0.5 1 1
1 0.492742158813056 0.4797470551602142 0.019004573138263935 0.011483069279472246
1 0.4586399157469101 0.4924660155059132 0.08481141109416654 0.021205061757624755
1 0.4462840796908685 0.431846764252272 0.11620688145888884 0.02836434389007838
1 0.4941585352379517 0.43983510900028017 0.03001480832062491 0.01492631802583091
1 0.4905614097629865 0.45323001926683687 0.015806837955902785 0.008267141066226813
1 0.4938318801277088 0.4593890910535915 0.022093205547083272 0.010011497492717503
1 0.32998954530593794 0.5743872684089071 0.370387848023889 0.14818406505632992
1 0.503829701650452 0.7209941807870348 0.04916485182361115 0.032659387305303156
1 0.4095199232494452 0.9012021695042638 0.2559239981001388 0.06053564937949716
1 0.39204278894076466 0.956435238783736 0.25621493882958335 0.07303564937949716