2 0.5 0.5 1 1
1 0.5125 0.5026962414958724 0.01875 0.015593049091614474
1 0.55078125 0.4886338704338263 0.0921875 0.029400199700437567
1 0.56015625 0.553493595888019 0.1265625 0.038456206368397264
1 0.51015625 0.5466375601323243 0.03125 0.019738415152690793
1 0.5140625 0.5322561957382378 0.01875 0.012468049091614475
1 0.51171875 0.5254162643746897 0.025 0.012978232122152633
1 0.69375 0.39493218361026633 0.3984375 0.19033666819680653
1 0.5109375 0.24188628725350697 0.053125 0.03871155575957417
1 0.62109375 0.0422693113402722 0.275 0.08338555334367823
1 0.64296875 0.015370746581431177 0.278125 0.030741493162862354