2 0.5 0.5 1 1
1 0.4198474809285718 0.5041561663633154 0.020585235389503253 0.0170453883676025
1 0.3806758867727704 0.5076746502717719 0.09273297077900686 0.037696377976042326
1 0.3802725121781599 0.44115913962811026 0.12576365909060955 0.05249085149293879
1 0.42841000324970613 0.46173371958162407 0.0331670560063543 0.022606973516896466
1 0.4227094281686282 0.47463255732880805 0.020530688311602673 0.0139203883676025
1 0.4241355604738766 0.4825543179724697 0.02680796185055314 0.015919930942249395
1 0.23035255844528169 0.5605215088020763 0.40817851298564356 0.22829850670838941
1 0.3856871205407161 0.7583302141337425 0.05693183847375849 0.042995883171822416
1 0.25140975771722834 0.9225898200661569 0.2766364123370204 0.11297987328446553
1 0.22412450893504432 0.9563672914017527 0.27482845048646737 0.08726541719649461