2 0.5 0.5 1 1
1 0.43525010113051027 0.520181399268003 0.02167951036759259 0.015861357336090797
1 0.3973106037224084 0.5167205919398664 0.09206992280870363 0.035411336012090365
1 0.39326836121527886 0.580764910606321 0.12611273213953691 0.049855644016544784
1 0.4418521241747696 0.5606882205999576 0.036152113477870354 0.020712489337999785
1 0.43669573246884374 0.5482609459341393 0.019843608294074146 0.012718176002545434
1 0.4380237866158807 0.5420018552673667 0.02779280933083328 0.014371582670272609
1 0.2536576400089824 0.4637603186266837 0.41702884099925885 0.21713624005408844
1 0.41479806597523206 0.27223479527373 0.05994092799249984 0.042842028007636035
1 0.29229622379819464 0.11132566195895643 0.276209768426111 0.10623400803627106
1 0.2669148064561112 0.062452357296319885 0.2798815725731479 0.11252037070336196